# z, m_eff, m_err
2.848799999999999943e-02 1.602558339279999799e+01 2.259067657944419938e-01
5.004299999999999721e-02 1.736136791539999891e+01 1.695047659028525167e-01
5.292600000000000082e-02 1.749669125449999640e+01 1.586187409960905792e-01
7.008599999999999552e-02 1.812573654239999499e+01 1.612816459135779090e-01
6.266800000000000148e-02 1.816240935049999550e+01 1.589560742023887752e-01
8.758900000000000019e-02 1.890805704939999643e+01 1.901274311752638446e-01
7.857699999999999407e-02 1.816716226069999962e+01 1.585006544974989495e-01
1.722699999999999926e-02 1.533336995029999983e+01 2.015820209109359107e-01
4.223299999999999971e-02 1.701545954829999729e+01 1.698445184032367217e-01
4.529500000000000193e-02 1.731927217560000187e+01 1.676866494510917960e-01
3.647999999999999854e-02 1.658432196520000090e+01 1.727990583764795196e-01
1.959899999999999837e-02 1.526421743119999874e+01 1.871118559297397788e-01
2.734200000000000172e-02 1.576476569299999753e+01 1.780563212436299669e-01
7.460500000000000465e-02 1.826711575650000086e+01 1.625630005943845269e-01
2.648899999999999866e-02 1.615968519929999658e+01 1.936501602195839222e-01
4.992200000000000110e-02 1.724597347059999564e+01 1.650531122563696218e-01
3.060399999999999926e-02 1.622923775939999658e+01 1.758729966776396147e-01
1.634564100000000103e-02 1.472302777519999850e+01 1.460277574677203982e-01
1.543630000000000002e-02 1.461994839709999994e+01 1.516902707625358837e-01
3.052900000000000058e-02 1.627824571860000091e+01 9.368393837146264669e-02
2.452500000000000166e-02 1.573717066489999539e+01 1.067410285337394710e-01
2.395299999999999860e-02 1.564771037750000104e+01 1.111657226708794299e-01
2.603799999999999865e-02 1.604626206819999723e+01 1.125708883261840459e-01
4.894799999999999846e-02 1.741059739870000200e+01 1.751361776725144370e-01
2.431399999999999881e-02 1.578849506450000106e+01 1.841231622115570010e-01
1.516600000000000066e-02 1.478066661520000125e+01 2.173199802106239586e-01
3.572000000000000175e-02 1.663954064070000172e+01 1.737958130750563435e-01
4.881800000000000028e-02 1.706101077610000161e+01 1.630823545963809296e-01
2.198000591460000028e-02 1.553197335740000185e+01 1.899290357952088948e-01
3.599999999999999728e-02 1.650001709569999875e+01 1.705445895167707893e-01
1.632099999999999870e-02 1.469642111410000140e+01 2.071489359607882608e-01
1.672999999999999834e-02 1.490533716919999918e+01 2.116020985446409042e-01
2.750000000000000014e-02 1.632870590819999634e+01 1.788980254537541892e-01
2.179299999999999987e-02 1.565278687119999645e+01 2.343772933449299600e-01
1.644999999999999934e-02 1.486029628580000050e+01 2.526837627238408546e-01
2.320799999999999946e-02 1.576454271740000124e+01 2.334155253054985557e-01
3.645700000000000329e-02 1.681323312559999650e+01 2.196866005953526102e-01
1.926399999999999987e-02 1.563161373189999992e+01 2.424966677295300466e-01
1.760499999999999912e-02 1.502279569570000106e+01 2.733021639698055560e-01
3.152800000000000047e-02 1.640776877640000109e+01 2.273505033608079484e-01
2.353600000000000136e-02 1.584859908879999679e+01 2.366077890685062135e-01
1.674300000000000094e-02 1.468172780259999755e+01 2.501902687607309161e-01
5.371000000000000080e-02 1.715543849490000028e+01 2.237208205081160639e-01
1.699099999999999916e-02 1.505777180729999642e+01 3.113385535793498082e-01
2.786500000000000088e-02 1.577237832829999675e+01 2.244404393522739238e-01
1.717300000000000076e-02 1.493967145729999757e+01 2.500223736090147475e-01
2.995499999999999899e-02 1.665125782750000027e+01 2.263652955346063811e-01
1.655900000000000080e-02 1.502283380709999605e+01 2.529627141368591681e-01
1.499999999999999944e-02 1.484250388610000115e+01 1.642163965255356850e-01
5.439999999999999697e-02 1.763343541049999530e+01 9.117241757803677682e-02
3.930000000000000160e-02 1.701339501489999506e+01 1.035418501171902345e-01
7.839999999999999747e-02 1.836124045339999711e+01 9.223215822312492984e-02
5.829999999999999766e-02 1.771163016710000093e+01 2.084269983931855696e-01
3.090000000000000038e-02 1.660847288009999900e+01 1.861229635515962155e-01
4.059999999999999720e-02 1.704463512570000105e+01 1.749093117391184171e-01
1.519999999999999997e-02 1.469590429890000038e+01 2.171534813835126476e-01
2.239999999999999977e-02 1.562608720220000080e+01 2.408867672467377985e-01
1.600000000000000033e-02 1.485301539379999625e+01 2.231412308906953745e-01
3.620000000000000301e-02 1.666587059979999808e+01 1.743427218387236244e-01
1.729999999999999941e-02 1.492873479849999896e+01 2.175865653255908416e-01
3.119999999999999857e-02 1.630580976459999576e+01 1.826966283996817597e-01
2.210000000000000159e-02 1.559054975820000166e+01 1.923150046789359191e-01
1.600000000000000033e-02 1.450360888799999870e+01 2.101124416801473105e-01
2.489999999999999852e-02 1.548270707659999701e+01 1.958354136110746213e-01
3.030000000000000054e-02 1.630726134689999540e+01 1.792753149481033370e-01
2.829999999999999877e-02 1.619926995420000182e+01 1.826056296734758222e-01
1.519999999999999997e-02 1.493736979390000030e+01 2.433312744038526043e-01
3.450000000000000289e-02 1.665724448419999604e+01 2.136789191997160442e-01
3.599999999999999728e-02 1.635825968199999991e+01 1.815183745816076888e-01
2.479999999999999913e-02 1.593517750839999891e+01 1.870270510391554009e-01
2.920000000000000026e-02 1.667156678459999952e+01 1.773755057315214156e-01
1.629999999999999852e-02 1.513225291200000200e+01 2.149944093904106734e-01
1.870000000000000134e-02 1.572729984719999763e+01 1.994657205544620449e-01
1.949999999999999997e-02 1.543591168000000025e+01 1.997913786492080124e-01
2.560000000000000123e-02 1.636372179319999631e+01 1.885754969525067493e-01
3.370000000000000079e-02 1.652269331589999624e+01 1.822239068441177945e-01
5.460000000000000270e-02 1.728855851460000181e+01 1.791844106098166578e-01
2.400000000000000050e-02 1.585518577939999929e+01 1.978009248338271353e-01
3.359999999999999792e-02 1.668439455069999511e+01 1.908925587278862968e-01
3.409999999999999837e-02 1.652090469810000073e+01 1.777720762286953970e-01
2.610000000000000167e-02 1.603941778729999967e+01 1.947935630003703456e-01
2.110000000000000070e-02 1.533971824259999650e+01 1.907670332674569202e-01
3.209999999999999659e-02 1.657499457220000139e+01 1.764146807865309974e-01
2.210000000000000159e-02 1.560112910180000156e+01 1.913807150609962704e-01
3.339999999999999913e-02 1.655894030149999807e+01 1.783144800819817521e-01
3.409999999999999837e-02 1.662154084129999987e+01 1.754189158371752821e-01
4.209999999999999853e-02 1.707946502749999595e+01 1.725582417094829457e-01
5.759999999999999842e-02 1.775925665709999990e+01 1.646095000450413515e-01
2.050000000000000086e-02 1.529628006949999630e+01 1.937494215546424758e-01
4.019999999999999962e-02 1.705353307849999922e+01 1.732544518091443664e-01
2.599999999999999881e-02 1.606029322759999545e+01 1.863641413023779392e-01
2.589999999999999941e-02 1.609496869009999998e+01 1.809932548653428175e-01
2.390000000000000110e-02 1.571397414360000155e+01 1.838564902867481921e-01
6.900000000000000577e-02 1.824504797799999878e+01 1.786998265837301536e-01
6.510000000000000508e-02 1.798569079759999667e+01 1.655494945149143526e-01
2.290000000000000022e-02 1.587586716769999740e+01 1.878698182193670463e-01
3.150000000000000022e-02 1.633013634299999595e+01 1.736052567255147172e-01
2.149999999999999828e-02 1.561173632819999924e+01 1.894314324102952529e-01
2.549999999999999836e-02 1.639917313589999637e+01 1.984480043182613729e-01
3.250000000000000111e-02 1.649209141509999554e+01 1.730155080363248443e-01
8.429999999999999993e-02 1.873083112080000134e+01 2.024883266430467232e-01
3.080000000000000099e-02 1.630798080819999640e+01 1.808756904788499653e-01
3.269999999999999990e-02 1.677316721329999538e+01 1.721268179795711339e-01
4.229999999999999732e-02 1.707182589599999645e+01 1.741851033386145331e-01
6.840000000000000246e-02 1.841019698450000064e+01 1.732094359625815649e-01
1.529999999999999936e-02 1.538618572889999925e+01 2.153428260379870729e-01
2.330000000000000127e-02 1.556112867450000081e+01 1.858618172181472350e-01
4.909999999999999781e-02 1.740913588209999929e+01 1.783839654585139822e-01
4.250000000000000305e-02 1.660710181389999818e+01 1.975867726447353701e-01
1.919999999999999832e-02 1.541567845140000159e+01 2.001044868743249439e-01
3.080000000000000099e-02 1.645813624439999856e+01 1.758873437546475127e-01
2.120000000000000009e-02 1.552613453129999854e+01 1.938649902677990478e-01
2.769999999999999893e-02 1.638400377259999985e+01 1.857375198264925031e-01
3.350000000000000200e-02 1.665283253929999674e+01 1.731095777103741074e-01
2.079999999999999905e-02 1.547445636569999650e+01 2.038490056938242756e-01
1.729999999999999941e-02 1.490906604459999940e+01 2.230214284320290175e-01
3.599999999999999728e-02 1.682529886099999672e+01 1.795247304516635889e-01
2.330000000000000127e-02 1.587735741949999735e+01 1.881457371625097630e-01
5.890000000000000097e-02 1.779064751310000148e+01 1.683764869570183176e-01
5.829999999999999766e-02 1.773728814939999765e+01 1.707458373912228711e-01
6.880000000000000004e-02 1.816563564659999841e+01 2.002853487867161941e-01
3.209999999999999659e-02 1.632707683349999783e+01 1.775778663149370495e-01
5.220000000000000334e-02 1.735331460939999815e+01 1.914824885274930555e-01
3.080000000000000099e-02 1.627250422229999671e+01 1.750824496451891810e-01
3.289999999999999869e-02 1.662076854279999694e+01 1.730139716668142313e-01
2.299999999999999961e-02 1.574964250479999706e+01 1.892414303720530155e-01
1.499999999999999944e-02 1.505877280470000201e+01 2.194091737750994697e-01
3.209999999999999659e-02 1.654936183419999551e+01 1.763120465442207518e-01
6.429999999999999605e-02 1.785450221789999503e+01 1.686969454635420806e-01
3.200000000000000067e-02 1.650569134190000042e+01 1.954211399564440566e-01
2.089999999999999844e-02 1.538189849950000010e+01 1.965301563062582524e-01
2.189999999999999933e-02 1.552799048079999622e+01 1.907609268034685390e-01
3.200000000000000067e-02 1.626749732409999538e+01 1.760216542852259258e-01
1.510000000000000057e-02 1.520487528810000200e+01 2.157778156558177174e-01
1.919999999999999832e-02 1.517056233319999947e+01 1.993617758972051623e-01
2.659999999999999865e-02 1.600249358969999847e+01 1.802311680869224941e-01
3.769999999999999740e-02 1.647421443250000195e+01 2.956326588775672337e-01
2.469999999999999973e-02 1.559269282769999521e+01 1.840820247984057134e-01
2.419999999999999929e-02 1.586838058289999864e+01 1.826554145904441817e-01
3.660000000000000059e-02 1.665029065389999730e+01 1.716063164474175007e-01
2.290000000000000022e-02 1.581762607019999578e+01 1.854605158700195211e-01
3.119999999999999857e-02 1.656185856219999764e+01 1.763331890375914868e-01
1.499999999999999944e-02 1.479041096429999769e+01 2.154873774262915098e-01
3.409999999999999837e-02 1.644947476399999786e+01 1.800855345746283642e-01
2.510000000000000078e-02 1.562727523669999741e+01 1.817161971749564342e-01
1.890000000000000013e-02 1.505370165989999620e+01 2.117079785530270875e-01
2.980213690100000021e-02 1.614992171039999747e+01 1.258546582673997216e-01
3.213401686140000130e-02 1.605712788530000168e+01 1.309936377300474353e-01
2.756872591090000005e-02 1.615447181320000070e+01 1.315835004494752547e-01
4.696733461560000100e-02 1.717341344649999613e+01 1.143158206318027892e-01
1.831523203619999859e-02 1.505075489959999757e+01 1.632451916795192859e-01
8.004814400210000236e-02 1.836470933529999527e+01 1.062900437017550020e-01
2.418529908019999980e-02 1.573132427499999508e+01 1.367010949687451349e-01
1.502704276320000060e-02 1.462919150229999943e+01 1.806257851697370687e-01
2.839602681160000031e-02 1.622714846939999589e+01 1.287429997463479803e-01
4.497667261129999899e-02 1.722939541579999556e+01 1.124193379236924500e-01
3.291237108810000228e-02 1.664685201729999520e+01 1.218646526379189299e-01
7.535011198150000367e-02 1.825908991679999716e+01 1.065838108293933190e-01
2.037472452989999919e-02 1.533544384729999521e+01 1.486618159276783813e-01
2.297116757819999897e-02 1.581288295099999530e+01 1.389189001441489824e-01
2.680919748050000079e-02 1.593915053950000171e+01 1.313514027224785274e-01
1.793128336260000136e-02 1.502882000269999807e+01 1.582829520976242188e-01
4.839219539540000337e-02 1.736483438240000154e+01 1.229323635600433479e-01
5.668336707519999740e-02 1.764262306710000061e+01 1.140859823938558532e-01
6.386408369639999527e-02 1.799494161209999632e+01 1.233196654662445657e-01
4.371891148950000222e-02 1.706556601579999821e+01 1.307037727980871478e-01
8.568945936069999325e-02 1.867641340610000000e+01 1.201702059607516332e-01
9.390863189049999948e-02 1.885182051410000170e+01 1.217082086845826111e-01
8.585464414370000408e-02 1.863144412120000126e+01 1.165181319083573586e-01
6.183576469379999802e-02 1.780999448060000034e+01 1.195068153106349368e-01
6.644031234019999455e-02 1.805110505480000072e+01 1.213491702443437459e-01
8.901942929389999870e-02 1.850745292859999935e+01 1.212041266144309043e-01
9.314940268549999625e-02 1.895991372499999628e+01 1.183202400522334330e-01
8.569611706520000038e-02 1.867279171070000032e+01 1.217259748987536694e-01
9.293681819969999702e-02 1.882483004039999841e+01 1.226751286185724932e-01
1.009150000000000047e-01 1.913574559539999953e+01 1.700014532001032364e-01
1.243999999999999967e-01 1.972378851119999510e+01 1.669856331982345898e-01
1.560999999999999888e-01 1.990825402220000129e+01 8.933215293851259897e-02
1.241000000000000020e-01 1.950103339579999684e+01 1.155756896393135419e-01
1.441000000000000059e-01 1.951504229849999561e+01 1.596219970620386952e-01
1.298999999999999877e-01 1.965818546899999930e+01 1.328758649333348640e-01
1.462902960680000086e-01 2.023800954879999736e+01 1.239344923057984910e-01
1.292782066339999980e-01 1.959700094889999988e+01 1.377100689387319443e-01
1.027150339350000052e-01 1.916625958879999914e+01 1.235888893690672979e-01
2.425046804759999897e-01 2.080944655369999552e+01 1.538679769399614317e-01
1.130426446370000060e-01 1.923045412760000161e+01 1.229535137900314573e-01
1.456685472610000087e-01 1.973571570300000033e+01 1.292791330866642219e-01
2.155433209529999949e-01 2.097552942359999761e+01 1.433812650848488024e-01
1.176253287640000034e-01 1.925841850809999656e+01 1.175041431422624433e-01
1.822182395599999949e-01 2.027281884379999966e+01 1.230476095969413458e-01
1.417879991260000139e-01 1.995281133290000142e+01 1.232294784005263516e-01
2.327811071820000133e-01 2.088352909029999793e+01 1.547246218658528405e-01
1.518578946649999928e-01 1.983478835899999737e+01 1.177336419019996000e-01
1.943165121419999919e-01 2.064052004150000030e+01 1.298859063972009897e-01
1.470251382680000107e-01 1.998258396679999649e+01 1.156172647783962476e-01
2.115869814999999932e-01 2.123932369239999574e+01 1.621245534381701159e-01
1.801197799679999934e-01 2.031757770349999603e+01 1.193908391397306423e-01
1.921499800439999961e-01 2.071821787819999727e+01 1.247484224397149427e-01
1.172773628889999947e-01 1.942493382479999653e+01 1.175937088970307742e-01
1.424046523999999980e-01 1.979547725109999945e+01 1.175536771790790108e-01
1.608618546360000012e-01 1.999817588919999523e+01 1.223789698066009152e-01
1.228288999700000023e-01 1.947878970079999661e+01 1.247270642312234140e-01
1.264731619009999974e-01 1.938946917609999687e+01 1.229179785261418495e-01
1.727422305559999927e-01 2.018193614209999609e+01 1.173572382752564175e-01
1.637958949870000069e-01 2.007356306080000152e+01 1.170448603396201936e-01
2.495110547920000033e-01 2.145992433279999645e+01 1.356812031590569623e-01
1.067123401030000002e-01 1.931566690130000197e+01 1.213869870581120169e-01
1.598899377480000050e-01 2.002958452620000074e+01 1.186039091541346430e-01
2.049796853489999904e-01 2.070350023459999633e+01 1.271176841802935664e-01
2.443788767969999887e-01 2.088093039379999638e+01 1.278786589370823346e-01
2.485081306759999997e-01 2.095117468380000147e+01 1.291774520478725929e-01
2.285284738810000049e-01 2.093343363859999684e+01 1.256454325926212034e-01
1.552473282210000138e-01 1.999632040589999704e+01 1.192509819745283250e-01
1.446210859719999908e-01 1.996982977299999718e+01 1.166506838800900475e-01
1.739100565660000042e-01 2.021094110529999810e+01 1.324110539141959142e-01
1.163485025989999949e-01 1.942513816509999813e+01 1.162343233455490066e-01
2.185851890409999942e-01 2.087809745670000083e+01 1.208953163187957841e-01
1.196715380060000000e-01 1.943453811779999896e+01 1.147316654165686373e-01
1.546320972390000104e-01 2.000295022949999790e+01 1.159940447935482316e-01
1.776006949770000121e-01 2.074967585099999567e+01 1.283688953596348048e-01
1.287267354670000030e-01 1.954322530680000014e+01 1.135481029971239092e-01
1.706283967489999887e-01 2.015390011599999909e+01 1.201811919916579291e-01
1.858124467099999955e-01 2.050309758439999896e+01 1.243410941543198478e-01
1.888531753869999996e-01 2.047103748620000019e+01 1.234427525503173501e-01
1.242735287719999998e-01 1.939898690099999712e+01 1.151128005800763909e-01
1.825489133969999955e-01 2.046302156340000167e+01 1.179616977744405160e-01
2.006117199280000041e-01 2.053139182189999801e+01 1.362121012184696889e-01
2.116295984930000040e-01 2.065910475089999565e+01 1.190762229599961197e-01
1.796856407699999880e-01 2.039995994509999733e+01 1.207702870271991080e-01
1.086382655239999939e-01 1.932950019789999985e+01 1.231981234347544057e-01
2.026086798969999880e-01 2.064675925539999568e+01 1.322547864996221068e-01
1.967160685790000085e-01 2.060341737869999790e+01 1.382767216680423905e-01
1.266879890900000083e-01 1.959420843219999497e+01 1.275164943522443251e-01
2.145682586579999995e-01 2.088084966589999780e+01 1.207727720561569268e-01
2.183474454029999956e-01 2.089984983769999971e+01 1.279871493435313090e-01
1.897065669509999941e-01 2.061856251089999503e+01 1.233854560137862544e-01
2.109383950610000114e-01 2.066293773399999978e+01 1.244876512901490900e-01
1.835684048769999910e-01 2.038979580330000019e+01 1.273594618036757720e-01
2.125487650940000028e-01 2.076659327730000015e+01 1.349536851749670585e-01
1.147126208700000038e-01 1.934809511599999965e+01 1.172743998201922072e-01
1.437059069999999938e-01 1.986477065440000089e+01 1.201185822204640513e-01
2.165828219539999988e-01 2.103927170309999539e+01 1.554030285452430438e-01
2.399999999999999911e-01 2.142119158150000047e+01 4.039596726701604745e-01
1.799999999999999933e-01 2.086851731610000016e+01 4.464566378522775159e-01
1.719999999999999862e-01 1.998122600630000179e+01 4.307550677089069247e-01
1.779999999999999916e-01 2.013379082100000161e+01 2.376472158313874539e-01
1.859999999999999987e-01 2.039116792540000134e+01 1.914087474153188528e-01
2.149999999999999967e-01 2.105705767319999566e+01 1.962406570766892788e-01
2.485999999999999877e-01 2.129018534289999920e+01 1.574013356631363270e-01
2.049999999999999878e-01 2.058276943470000120e+01 2.193333618689802811e-01
1.590000000000000024e-01 2.009536409529999545e+01 2.444756637680322031e-01
2.389999999999999902e-01 2.093812877990000132e+01 2.063602275337370895e-01
2.179999999999999993e-01 2.075440742119999626e+01 2.242385899116157710e-01
2.129999999999999949e-01 2.078804120299999525e+01 2.253583564418724927e-01
1.809999999999999942e-01 2.036188851719999704e+01 2.290615492646176365e-01
2.159999999999999976e-01 2.108390894329999909e+01 2.172926782007465751e-01
2.159999999999999976e-01 2.123504659849999499e+01 2.459364592161772389e-01
2.984092736300000270e-01 2.174140023360000029e+01 2.178937047789143988e-01
2.564757427250000110e-01 2.128984390029999574e+01 1.591395118974745782e-01
2.955855500630000243e-01 2.181605970179999687e+01 2.171471873709023837e-01
3.803594873360000017e-01 2.233649865899999654e+01 2.199659020221561845e-01
2.734547688839999990e-01 2.140615824410000201e+01 1.663950207040701679e-01
2.975188335610000068e-01 2.145120501359999921e+01 2.073673637957841320e-01
3.789658020389999882e-01 2.226048890230000055e+01 1.993641087662277045e-01
3.804165142859999849e-01 2.195134052989999773e+01 2.008119813880546445e-01
3.017550295349999967e-01 2.217281049589999853e+01 2.485784151473786896e-01
3.483450208350000188e-01 2.198679153120000151e+01 2.198315316453280377e-01
2.605861083170000203e-01 2.120216767770000033e+01 1.447382419925510033e-01
3.575073570319999838e-01 2.200783940450000031e+01 2.047968971881277689e-01
2.605334769529999983e-01 2.148713414130000032e+01 1.512837244962454974e-01
2.866187065219999996e-01 2.171740764680000169e+01 1.371222584518851373e-01
2.634910265920000216e-01 2.144632260850000094e+01 1.307804582163324680e-01
3.388026091340000101e-01 2.198437188009999588e+01 1.735213826419249317e-01
2.884183445849999861e-01 2.152178535869999720e+01 1.525771791962612922e-01
2.636479506419999730e-01 2.122717566849999926e+01 1.430057509761593071e-01
2.577403035090000127e-01 2.133047839570000193e+01 1.391631382273152695e-01
2.778534226189999790e-01 2.151700845150000063e+01 1.716363661173263000e-01
2.754401974349999782e-01 2.142239180199999637e+01 1.460558301935200309e-01
3.305124486830000041e-01 2.190693900180000142e+01 1.595691474682424393e-01
3.619343088320000068e-01 2.206345335170000155e+01 1.691239517736653486e-01
3.306346283300000133e-01 2.173125988909999862e+01 1.556184059417635990e-01
3.892887876880000153e-01 2.228162842889999595e+01 2.030955021731104537e-01
3.003126958019999848e-01 2.152584819280000161e+01 1.544427039337321617e-01
4.083190921639999749e-01 2.251929352600000200e+01 2.085387720410180057e-01
2.506676311100000110e-01 2.142460302639999625e+01 1.246353604772870577e-01
2.517401864239999787e-01 2.122072175989999820e+01 1.221804395898312690e-01
3.915992134410000158e-01 2.218772710219999666e+01 1.741674897577597803e-01
3.996013349759999778e-01 2.240780031270000094e+01 2.073145324751200502e-01
3.094926454110000225e-01 2.169719247320000122e+01 1.382542870610874441e-01
2.789246763279999985e-01 2.144682976549999509e+01 1.335696677784871111e-01
3.085808660709999929e-01 2.158662170530000068e+01 1.801680081524311416e-01
3.164298446950000177e-01 2.207407338060000157e+01 1.951854018900503751e-01
2.574978882969999883e-01 2.127316459349999533e+01 1.347749080493264306e-01
2.987774440879999993e-01 2.170835798179999543e+01 1.574219315441448552e-01
2.704344428270000211e-01 2.134798383600000093e+01 1.485389772918906948e-01
2.794547326099999784e-01 2.118028436650000046e+01 1.419315029183915444e-01
2.924697560819999875e-01 2.159804865399999940e+01 1.445480445612120912e-01
2.657624795180000277e-01 2.117714992169999633e+01 1.283589654022829762e-01
3.128833641579999991e-01 2.169344877709999864e+01 1.426957164633208819e-01
3.095473371579999800e-01 2.187155672380000127e+01 1.569069745276545358e-01
4.024596192159999863e-01 2.259014675779999592e+01 2.133977554342423033e-01
3.263964832030000207e-01 2.165130417600000001e+01 1.474717381568236008e-01
3.024016210800000160e-01 2.171220009800000028e+01 1.382054247689257498e-01
3.204469888609999817e-01 2.178178513499999625e+01 1.376883002630933384e-01
3.796622935749999761e-01 2.211206189319999638e+01 1.502453058624628468e-01
3.666028987889999868e-01 2.253885723510000005e+01 2.006597061381326930e-01
4.209268211030000040e-01 2.281254800489999823e+01 2.045330965185968575e-01
2.580282705620000061e-01 2.132367886669999635e+01 1.403522014015230746e-01
3.600342119889999859e-01 2.183630043589999659e+01 1.776003029427064284e-01
3.939744782719999949e-01 2.246015342229999945e+01 1.536642319723352801e-01
2.524860600289999812e-01 2.119742108009999626e+01 1.481200839306242856e-01
3.872971074650000123e-01 2.257146532919999871e+01 1.888282156024922442e-01
3.485838575440000087e-01 2.197994103590000137e+01 1.798910409301213709e-01
2.554906200220000145e-01 2.116494462609999871e+01 1.539192898712146151e-01
4.299999999999999933e-01 2.199785817149999545e+01 3.590830126491178498e-01
2.999999999999999889e-01 2.164179515220000027e+01 3.162915243497220752e-01
3.800000000000000044e-01 2.274217653399999861e+01 3.292029023438708402e-01
4.299999999999999933e-01 2.307754150690000117e+01 4.593086544626355794e-01
4.400000000000000022e-01 2.272853327359999653e+01 3.211989485907175146e-01
4.789999999999999813e-01 2.303075776249999862e+01 3.593906081531699215e-01
4.159999999999999809e-01 2.310261704070000022e+01 5.571506004575871307e-01
4.500000000000000111e-01 2.251099184949999810e+01 4.546927216147249595e-01
3.200000000000000067e-01 2.192360345159999824e+01 4.220656481898897305e-01
4.299999999999999933e-01 2.244513682949999733e+01 6.090681986096450062e-01
4.719999999999999751e-01 2.264816325640000017e+01 5.153467898652560608e-01
3.739999999999999991e-01 2.386411468039999662e+01 9.236860207901731457e-01
4.299999999999999933e-01 2.248093609729999898e+01 4.597847533890364047e-01
4.500000000000000111e-01 2.294997317679999682e+01 5.907101735426661948e-01
4.949999999999999956e-01 2.279790815379999813e+01 4.446666214151798746e-01
4.899999999999999911e-01 2.246643493830000082e+01 4.474912446637774321e-01
3.880000000000000115e-01 2.288661403659999749e+01 4.659845273095792884e-01
4.500000000000000111e-01 2.308144772540000034e+01 5.091751683958822827e-01
4.799999999999999822e-01 2.283894859260000132e+01 5.222827367184561531e-01
4.000000000000000222e-01 2.299176715860000186e+01 4.785303260476417853e-01
4.979999999999999982e-01 2.366272023710000028e+01 6.431066136589057569e-01
4.650000000000000244e-01 2.250416330170000023e+01 6.007801298453360195e-01
4.530000000000000138e-01 2.350020847649999567e+01 5.257695379305281635e-01
4.249999999999999889e-01 2.188113122279999700e+01 4.900681842168295721e-01
4.229999999999999871e-01 2.224452588160000133e+01 2.454194970788752539e-01
3.396000000000000130e-01 2.176297338379999857e+01 2.285058164452149765e-01
3.965000000000000191e-01 2.216692078969999713e+01 2.045865104138607227e-01
2.600000000000000089e-01 2.150236577089999557e+01 2.020908616702454808e-01
2.690000000000000169e-01 2.145516173149999517e+01 2.581497384050422395e-01
4.299999999999999933e-01 2.286312420530000011e+01 1.511775861560507028e-01
4.969999999999999973e-01 2.300355309029999873e+01 1.706380545844399521e-01
4.400000000000000022e-01 2.268964753309999693e+01 1.115929383025512645e-01
3.549999999999999822e-01 2.202131157549999685e+01 2.036897884197219344e-01
4.680000000000000271e-01 2.322790373709999656e+01 1.666374868414986221e-01
4.510000000000000120e-01 2.247567441450000203e+01 1.461676030376357072e-01
4.149999999999999800e-01 2.255577046430000010e+01 1.442478179080212974e-01
3.310000000000000164e-01 2.175747005010000024e+01 1.409347463751319807e-01
3.459999999999999742e-01 2.204362686149999817e+01 1.551414593035931322e-01
3.402000000000000024e-01 2.200709152779999656e+01 1.388264082025411905e-01
4.699999999999999734e-01 2.281355948579999549e+01 1.561485687904446695e-01
3.689999999999999947e-01 2.231302301539999533e+01 1.555642245056450823e-01
2.849999999999999756e-01 2.153324347279999884e+01 1.398497637676119343e-01
2.912000000000000144e-01 2.151806427749999884e+01 1.496621025249723347e-01
4.959999999999999964e-01 2.289367602879999808e+01 1.557314470067512613e-01
3.578000000000000069e-01 2.211390959339999895e+01 1.393634189924950195e-01
4.299999999999999933e-01 2.248992079729999816e+01 1.540318604385632340e-01
4.606999999999999984e-01 2.275066654629999974e+01 1.837282715595622007e-01
3.709000000000000075e-01 2.234820439830000183e+01 1.577135676723568913e-01
3.372999999999999887e-01 2.197349095209999703e+01 1.404812416708417777e-01
2.630000000000000115e-01 2.131367211859999955e+01 1.378713227491484838e-01
3.569999999999999840e-01 2.210452796409999721e+01 1.409510734206365079e-01
4.627000000000000002e-01 2.272128499620000142e+01 1.505873540891230211e-01
4.490000000000000102e-01 2.270206834960000108e+01 1.599024467670489280e-01
4.259999999999999898e-01 2.244057747959999816e+01 2.269125564299655506e-01
3.290000000000000147e-01 2.201925672820000202e+01 2.714701343723771032e-01
4.010000000000000231e-01 2.237442446540000063e+01 2.312628161415876404e-01
3.400000000000000244e-01 2.189217877279999769e+01 2.301543560138432365e-01
4.359999999999999987e-01 2.255901619970000027e+01 2.186022649921487704e-01
3.629999999999999893e-01 2.223097568599999718e+01 2.103238493888359428e-01
4.359999999999999987e-01 2.260476930020000097e+01 2.302257317709973661e-01
3.089999999999999969e-01 2.185279570909999691e+01 2.377244212708333193e-01
3.420000000000000262e-01 2.206359817679999580e+01 2.168950757079289304e-01
3.320000000000000173e-01 2.193447830130000042e+01 2.417717559281896966e-01
4.689999999999999725e-01 2.303348121120000158e+01 2.847372208124377413e-01
3.519999999999999796e-01 2.210277935199999533e+01 2.261898472193439313e-01
4.289999999999999925e-01 2.256903881229999698e+01 2.175498098700821559e-01
4.969999999999999973e-01 2.275477381539999655e+01 2.236588378759907514e-01
4.099999999999999756e-01 2.202649332829999551e+01 2.587263176016127431e-01
4.119999999999999774e-01 2.210271218840000174e+01 3.134951121544279906e-01
4.219999999999999862e-01 2.240730945759999670e+01 2.326561382611449236e-01
4.010000000000000231e-01 2.323362036019999621e+01 3.711085531049096997e-01
3.830000000000000071e-01 2.232103390379999652e+01 2.527965740563598018e-01
3.019999999999999907e-01 2.198979828479999910e+01 2.739938748332678142e-01
3.400000000000000244e-01 2.175904325459999811e+01 2.331322805310284685e-01
4.209999999999999853e-01 2.281503162979999999e+01 3.233994298113935240e-01
3.990000000000000213e-01 2.216708176059999502e+01 2.944842925128359212e-01
4.929999999999999938e-01 2.282591466949999770e+01 2.656568959283753251e-01
4.949999999999999956e-01 2.292766336689999562e+01 2.342767109363271816e-01
4.209999999999999853e-01 2.285862775379999690e+01 2.356905868780686530e-01
3.479999999999999760e-01 2.226862620030000173e+01 2.194852208252157932e-01
3.439999999999999725e-01 2.185187111659999815e+01 2.119071589098007746e-01
2.710000000000000187e-01 2.121130207050000038e+01 2.173473753834364863e-01
2.740000000000000213e-01 2.140365064759999925e+01 2.108163966412083257e-01
4.010000000000000231e-01 2.261463231309999955e+01 3.341880144045072942e-01
4.159999999999999809e-01 2.223653694669999581e+01 3.047324227300602373e-01
2.859999999999999765e-01 2.189013084369999618e+01 2.598819835262911049e-01
2.660000000000000142e-01 2.106970739120000147e+01 2.520191167390561926e-01
3.140000000000000013e-01 2.191096803550000160e+01 2.442135478657654624e-01
4.630000000000000226e-01 2.262675375399999567e+01 2.681479164894166600e-01
3.410000000000000253e-01 2.167051385929999796e+01 2.264998668834341533e-01
3.679999999999999938e-01 2.214669523719999589e+01 2.093417135843872179e-01
3.089999999999999969e-01 2.153977464509999962e+01 2.169475028293736396e-01
2.839999999999999747e-01 2.151438258379999624e+01 2.087826148401609183e-01
2.780000000000000249e-01 2.124524056950000173e+01 2.007077187651404859e-01
4.769999999999999796e-01 2.273333515539999539e+01 1.860347702037970230e-01
4.550000000000000155e-01 2.300293227210000069e+01 2.315789436292123582e-01
4.600000000000000200e-01 2.282744961130000050e+01 2.122265727082146003e-01
4.749999999999999778e-01 2.278388140279999519e+01 2.577104186102183725e-01
6.199999999999999956e-01 2.390696202330000020e+01 3.914957930605501013e-01
5.699999999999999512e-01 2.316811035910000172e+01 3.901078707898756326e-01
5.000000000000000000e-01 2.304200326229999618e+01 3.187520626337744800e-01
9.699999999999999734e-01 2.350020383249999512e+01 8.057689691879925675e-01
8.299999999999999600e-01 2.422140343659999573e+01 4.720011950042810045e-01
5.809999999999999609e-01 2.274242327800000041e+01 5.059242049210400660e-01
5.789999999999999591e-01 2.386536334419999505e+01 6.439969472043605148e-01
6.570000000000000284e-01 2.365424871729999623e+01 6.594112618492810052e-01
5.500000000000000444e-01 2.502246754289999942e+01 1.007259036505475436e+00
5.919999999999999707e-01 2.483135482559999829e+01 7.185899924758935020e-01
5.260000000000000231e-01 2.263508085979999507e+01 5.145544729165982822e-01
7.630000000000000115e-01 2.515142459419999810e+01 8.986640043272728917e-01
5.799999999999999600e-01 2.398412501390000173e+01 5.208269796458782075e-01
6.560000000000000275e-01 2.382385910589999511e+01 6.279195674918478520e-01
5.699999999999999512e-01 2.335046671239999583e+01 4.713377867798576593e-01
6.149999999999999911e-01 2.322163660800000073e+01 5.570311843224606818e-01
6.550000000000000266e-01 2.299408524819999755e+01 4.979860858067629570e-01
5.140000000000000124e-01 2.346519362129999919e+01 4.946464897818049211e-01
8.589999999999999858e-01 2.477190260189999904e+01 2.984765283953330073e-01
9.360000000000000542e-01 2.398610586349999707e+01 7.066185228114684191e-01
5.280000000000000249e-01 2.313334956929999819e+01 2.461258499906993080e-01
9.779999999999999805e-01 2.417907216469999909e+01 2.941809702480565614e-01
8.850000000000000089e-01 2.486333330629999594e+01 2.877980511780253714e-01
8.149999999999999467e-01 2.475340160069999840e+01 7.295388193119926035e-01
6.979999999999999538e-01 2.444772868600000137e+01 4.345170875531289556e-01
5.679999999999999494e-01 2.338824962290000187e+01 2.910969004253469161e-01
7.109999999999999654e-01 2.424554956460000099e+01 3.679502118623581564e-01
8.120000000000000551e-01 2.433257327619999799e+01 3.802017720307270254e-01
7.990000000000000435e-01 2.405782940059999575e+01 2.350961944946933224e-01
8.820000000000000062e-01 2.405403892709999880e+01 5.847571766990364850e-01
8.329999999999999627e-01 2.436709784780000021e+01 5.217763982509987519e-01
8.739999999999999991e-01 2.397437924099999762e+01 3.892471030398118037e-01
7.720000000000000195e-01 2.418899382789999564e+01 2.208815442084164637e-01
5.430000000000000382e-01 2.315780585059999552e+01 1.026242715366244146e-01
7.500000000000000000e-01 2.392199868699999499e+01 1.415344329945139590e-01
6.400000000000000133e-01 2.344324727489999916e+01 1.911778779187178756e-01
6.400000000000000133e-01 2.384338069379999681e+01 1.960578523051728639e-01
7.800000000000000266e-01 2.427980717029999980e+01 1.739256813842808558e-01
5.400000000000000355e-01 2.310362126720000120e+01 1.155154627596096106e-01
8.599999999999999867e-01 2.460066067029999815e+01 1.750025306466932995e-01
8.399999999999999689e-01 2.455210319429999899e+01 2.243632244086551653e-01
9.599999999999999645e-01 2.429221160819999525e+01 2.771431256679630084e-01
8.217999999999999750e-01 2.449436396209999955e+01 2.153072641715916558e-01
9.300000000000000488e-01 2.423142957819999666e+01 2.914664071900170961e-01
6.099999999999999867e-01 2.358396571199999769e+01 1.591022208084346412e-01
8.299999999999999600e-01 2.472965993349999891e+01 2.109791598648293465e-01
7.069999999999999618e-01 2.396142562009999821e+01 2.580040110124765529e-01
5.570000000000000506e-01 2.323601120269999498e+01 1.602884953642637333e-01
7.910000000000000364e-01 2.425588111969999616e+01 2.035663949135212702e-01
6.949999999999999512e-01 2.389070426070000153e+01 2.076279640980472629e-01
6.330000000000000071e-01 2.372886353019999817e+01 1.725845551153243895e-01
5.320000000000000284e-01 2.324481565959999685e+01 1.693297774708729941e-01
9.609999999999999654e-01 2.494320161679999970e+01 3.413773051413804827e-01
6.129999999999999893e-01 2.367272466359999683e+01 1.678002595144282016e-01
9.829999999999999849e-01 2.483628436709999576e+01 4.360309022723786176e-01
7.099999999999999645e-01 2.370103880980000000e+01 1.867069100409384508e-01
7.299999999999999822e-01 2.395599551999999832e+01 1.971894816311488552e-01
6.199999999999999956e-01 2.368825260470000060e+01 1.721980913906766553e-01
5.210000000000000187e-01 2.285912945209999592e+01 1.637680390153899157e-01
5.709999999999999520e-01 2.307816206609999554e+01 1.767879789430440440e-01
6.039999999999999813e-01 2.320597648099999688e+01 1.624806260410653624e-01
9.271000000000000352e-01 2.461949787120000011e+01 2.882728253075738101e-01
5.480000000000000426e-01 2.297529855630000029e+01 1.907448386826798847e-01
8.679999999999999938e-01 2.417228740610000060e+01 2.479169828074444526e-01
8.110000000000000542e-01 2.408353602160000051e+01 2.127453522835013322e-01
7.560000000000000053e-01 2.449299219039999898e+01 1.950963068686327184e-01
8.169999999999999485e-01 2.433056373610000023e+01 2.124160186778505099e-01
7.520000000000000018e-01 2.398082988039999819e+01 2.092333143048731026e-01
5.515999999999999792e-01 2.298218373330000119e+01 1.522399981879777597e-01
7.409999999999999920e-01 2.439625228739999940e+01 2.252931905425968606e-01
5.260000000000000231e-01 2.307921067949999738e+01 1.696172093649262747e-01
5.919999999999999707e-01 2.325632276179999636e+01 1.749848779151004508e-01
9.050000000000000266e-01 2.431774000620000109e+01 2.592094480710928628e-01
9.489999999999999547e-01 2.412390985320000070e+01 2.862074120384836551e-01
8.000000000000000444e-01 2.439306010529999824e+01 2.172465931742200151e-01
6.790000000000000480e-01 2.413640634020000064e+01 1.982520599170178310e-01
5.816999999999999948e-01 2.335104060739999809e+01 1.625949470024586896e-01
5.500000000000000444e-01 2.295464704640000164e+01 1.580774517717944139e-01
8.100000000000000533e-01 2.404889249460000045e+01 2.147910697908878286e-01
9.499999999999999556e-01 2.465560750659999556e+01 2.927847893798528056e-01
9.100000000000000311e-01 2.498451642299999875e+01 2.689196506332445780e-01
6.430000000000000160e-01 2.369026698769999584e+01 1.690529531038878763e-01
6.909999999999999476e-01 2.376776693009999875e+01 2.556088521687788773e-01
7.209999999999999742e-01 2.385467838250000128e+01 1.895687134942776186e-01
5.809999999999999609e-01 2.342132334060000076e+01 1.583306491304987129e-01
6.268000000000000238e-01 2.343761261539999552e+01 1.600643078834254329e-01
8.179999999999999494e-01 2.407189417209999860e+01 2.692354258432850811e-01
6.879999999999999449e-01 2.373298603470000145e+01 1.684698835887924739e-01
8.699999999999999956e-01 2.491030420470000095e+01 2.804266061068648175e-01
5.042999999999999705e-01 2.301720069530000146e+01 1.525563199032858308e-01
5.909999999999999698e-01 2.388810596769999606e+01 3.074731546619796640e-01
5.829999999999999627e-01 2.308012536589999897e+01 2.880504164608505557e-01
5.190000000000000169e-01 2.375050971399999966e+01 3.158902631637247604e-01
6.119999999999999885e-01 2.349294094400000077e+01 2.846089481667137266e-01
6.310000000000000053e-01 2.305638312089999786e+01 2.468042159717708239e-01
6.450000000000000178e-01 2.349597316619999887e+01 2.361861539579631908e-01
5.390000000000000346e-01 2.290566320839999648e+01 2.436517678831728040e-01
5.610000000000000542e-01 2.355095040169999621e+01 3.079864940283834618e-01
5.989999999999999769e-01 2.342246489609999927e+01 3.833408055213308741e-01
6.189999999999999947e-01 2.373501863699999959e+01 2.496316938267894303e-01
5.400000000000000355e-01 2.319016351859999858e+01 2.845314096099716972e-01
6.330000000000000071e-01 2.288067248269999610e+01 2.616037053234048781e-01
5.100000000000000089e-01 2.255968536880000030e+01 2.287383091940101421e-01
6.870000000000000551e-01 2.367538507849999618e+01 2.867623594708106349e-01
6.870000000000000551e-01 2.351383512170000145e+01 2.741839580130359111e-01
6.029999999999999805e-01 2.332520470669999568e+01 2.802393002532511668e-01
5.639999999999999458e-01 2.305189174859999568e+01 2.935593338564422838e-01
5.819999999999999618e-01 2.384291025619999616e+01 3.265887165279723336e-01
6.800000000000000488e-01 2.358303445769999840e+01 2.924944844893117013e-01
5.620000000000000551e-01 2.372952259450000057e+01 3.345631935733902051e-01
5.809999999999999609e-01 2.434767976699999892e+01 3.923854426284804631e-01
6.310000000000000053e-01 2.356082529329999531e+01 2.362819122153273221e-01
5.220000000000000195e-01 2.335633034660000007e+01 2.489649613266229911e-01
5.280000000000000249e-01 2.304869184139999660e+01 3.041373626927187934e-01
5.080000000000000071e-01 2.287327073189999638e+01 2.337007408985207479e-01
7.810000000000000275e-01 2.411622955150000180e+01 3.227459943135257414e-01
6.129999999999999893e-01 2.329570959420000165e+01 2.619381038092790104e-01
9.499999999999999556e-01 2.431731760749999793e+01 2.992622056775934292e-01
8.159999999999999476e-01 2.437008288160000191e+01 4.588451950750562780e-01
8.539999999999999813e-01 2.428746428610000052e+01 2.275561082892836318e-01
9.749999999999999778e-01 2.501272549740000173e+01 2.148850508158046679e-01
9.699999999999999734e-01 2.514160169739999517e+01 2.929943684606457488e-01
7.399999999999999911e-01 2.396654670379999530e+01 2.006577854815783102e-01
8.389999999999999680e-01 2.407706572369999876e+01 2.241408862249898715e-01
5.210000000000000187e-01 2.305724455649999882e+01 2.015770527504200660e-01
9.499999999999999556e-01 2.456315029399999972e+01 2.377454998759602478e-01
7.349999999999999867e-01 2.377084035329999878e+01 2.028069410353354751e-01
6.700000000000000400e-01 2.382220955379999694e+01 2.117898000317453289e-01
6.400000000000000133e-01 2.360327543369999503e+01 2.817162386915382233e-01
8.399999999999999689e-01 2.419330437729999872e+01 2.108422633921187561e-01
9.350000000000000533e-01 2.421919723590000117e+01 2.295850355186044855e-01
9.529999999999999583e-01 2.495262022669999524e+01 9.551886683707875303e-01
5.520000000000000462e-01 2.318993427610000069e+01 1.076780359275877202e-01
6.710000000000000409e-01 2.366100700109999977e+01 1.242224787208037612e-01
5.110000000000000098e-01 2.305266046689999726e+01 9.397870041731695712e-02
9.739999999999999769e-01 2.451314325639999581e+01 1.768027384679339287e-01
8.499999999999999778e-01 2.417325734550000149e+01 1.743961398248201622e-01
8.209999999999999520e-01 2.431993878679999810e+01 1.963193160895730649e-01
6.229999999999999982e-01 2.319352399730000158e+01 2.432849036797649911e-01
1.010000000000000009e+00 2.469147453620000121e+01 3.768683656159855788e-01
1.056999999999999940e+00 2.482963010010000104e+01 2.404634109977732692e-01
1.020000000000000018e+00 2.504192470269999760e+01 2.229909956610758304e-01
1.139999999999999902e+00 2.500195709299999791e+01 2.306602716411535747e-01
1.370000000000000107e+00 2.572871334899999951e+01 2.644555685363676467e-01
1.389999999999999902e+00 2.555523434030000018e+01 2.524210410653102699e-01
1.020000000000000018e+00 2.484306552760000031e+01 2.342683418267018369e-01
1.120000000000000107e+00 2.519340548709999794e+01 2.260783948390543696e-01
1.229999999999999982e+00 2.569967572279999857e+01 2.369353267701379273e-01
1.189999999999999947e+00 2.504183165619999940e+01 2.489225178185557608e-01
1.010000000000000009e+00 2.559113782929999914e+01 3.350942245738319780e-01
1.300000000000000044e+00 2.569525810160000034e+01 2.445661350794887945e-01
1.304999999999999938e+00 2.541916932799999884e+01 2.612681980253319103e-01
1.139999999999999902e+00 2.487595213330000021e+01 3.696227629420292815e-01
1.306999999999999940e+00 2.608974410859999793e+01 3.161234237017658266e-01
1.264999999999999902e+00 2.562311084099999547e+01 2.373733387064660416e-01
1.340000000000000080e+00 2.574650558129999567e+01 2.766465279877057815e-01
1.124000000000000110e+00 2.524651918140000006e+01 1.995312255180249073e-01
1.030000000000000027e+00 2.491909335720000129e+01 1.444048120820229097e-01
1.191999999999999948e+00 2.513775159999999786e+01 2.024927044658809405e-01
1.092000000000000082e+00 2.468684771890000107e+01 2.483306251851320201e-01
1.110000000000000098e+00 2.530433585229999593e+01 4.488363476770807492e-01
1.350000000000000089e+00 2.550606547709999816e+01 1.881129981525613559e-01
1.241000000000000103e+00 2.526070296079999977e+01 4.793108224689384689e-01
1.413999999999999924e+00 2.548276613869999707e+01 3.474789480624038696e-01
1.187999999999999945e+00 2.528664254979999626e+01 5.014431635397273990e-01
1.016999999999999904e+00 2.497297077090000172e+01 1.736570957615767297e-01
1.314999999999999947e+00 2.565035777439999620e+01 1.898935618728539443e-01
1.215000000000000080e+00 2.592552094950000097e+01 5.611199865808951248e-01
